direct:0.2872 4.83407e-10
right:-0.180411 -0.223463
left:-0.180411 0.223463