direct:0.2872 4.83407e-10
right:-0.180411 -0.223463
left:-0.180411 0.223463
error:10 10
keySpace:0.165179 0.0207634
keyEnter:0.203389 -0.129121
topLeft:0.237525 0.133799 0.0463589