keySpace:0.165179 0.0207634
keyEnter:0.203389 -0.129121