direct:0.2872 4.83407e-10
right:-0.180411 -0.223463
left:-0.180411 0.223463
error:10 10
keySpace:0.165179 0.0207634
keyEnter:0.203389 -0.129121
rrr:0.165240 -0.023119 0.034563
iii:0.165244 -0.023093 0.034563
ooo:0.165242 -0.023102 0.034563
555:0.107320 -0.000000 0.047440